1 0
2 0
3 3
4 0
5 0
6 6
7 142857
8 0
9 1
10 0
11 90
12 3
13 769230
14 714285
15 6
16 0
17 5882352941176470
18 5
19 526315789473684210
20 0
21 476190
22 45
23 4347826086956521739130
24 6
25 0
26 384615
27 370
28 571428
29 3448275862068965517241379310
30 3
31 322580645161290
32 0
33 30
34 2941176470588235
35 285714
36 7
37 270
38 263157894736842105
39 256410
40 0
41 24390
42 238095
43 232558139534883720930
44 27
45 2
46 2173913043478260869565
47 2127659574468085106382978723404255319148936170
48 3
49 204081632653061224489795918367346938775510
50 0
51 1960784313725490
52 923076
53 1886792452830
54 185
55 18
56 857142
57 175438596491228070
58 1724137931034482758620689655
59 1694915254237288135593220338983050847457627118644067796610
60 6
61 163934426229508196721311475409836065573770491803278688524590
62 161290322580645
63 158730
64 0
65 153846
66 15
67 149253731343283582089552238805970
68 4705882352941176
69 1449275362318840579710
70 142857
71 14084507042253521126760563380281690
72 8
73 13698630
74 135
75 3
76 315789473684210526
77 129870
78 128205
79 1265822784810
80 0
81 123456790
82 12195
83 12048192771084337349397590361445783132530
84 190476
85 1176470588235294
86 116279069767441860465
87 1149425287356321839080459770
88 36
89 11235955056179775280898876404494382022471910
90 1
91 109890
92 8695652173913043478260
93 107526881720430
94 1063829787234042553191489361702127659574468085
95 105263157894736842
96 6
97 103092783505154639175257731958762886597938144329896907216494845360824742268041237113402061855670
98 102040816326530612244897959183673469387755
99 10
100 0
101 9900
102 9803921568627450
103 9708737864077669902912621359223300
104 615384
105 952380
106 9433962264150
107 93457943925233644859813084112149532710280373831775700
108 925
109 917431192660550458715596330275229357798165137614678899082568807339449541284403669724770642201834862385321100
110 90
111 900
112 285714
113 8849557522123893805309734513274336283185840707964601769911504424778761061946902654867256637168141592920353982300
114 877192982456140350
115 8695652173913043478260
116 8620689655172413793103448275
117 854700
118 8474576271186440677966101694915254237288135593220338983050
119 840336134453781512605042016806722689075630252100
120 3
121 8264462809917355371900
122 819672131147540983606557377049180327868852459016393442622950
123 81300
124 806451612903225
125 0
126 793650
127 787401574803149606299212598425196850393700
128 0
129 775193798449612403100
130 769230
131 7633587786259541984732824427480916030534351145038167938931297709923664122137404580152671755725190839694656488549618320610687022900
132 75
133 751879699248120300
134 746268656716417910447761194029850
135 740
136 3529411764705882
137 72992700
138 7246376811594202898550
139 7194244604316546762589928057553956834532374100
140 714285
141 7092198581560283687943262411347517730496453900
142 70422535211267605633802816901408450
143 699300
144 4
145 6896551724137931034482758620
146 68493150
147 680272108843537414965986394557823129251700
148 675
149 6711409395973154362416107382550335570469798657718120805369127516778523489932885906040268456375838926174496644295302013422818791946308724832214765100
150 6
151 662251655629139072847682119205298013245033112582781456953642384105960264900
152 578947368421052631
153 6535947712418300
154 649350
155 645161290322580
156 641025
157 636942675159235668789808917197452229299363057324840764331210191082802547770700
158 6329113924050
159 6289308176100
160 0
161 621118012422360248447204968944099378881987577639751552795031055900
162 617283950
163 613496932515337423312883435582822085889570552147239263803680981595092024539877300
164 60975
165 60
166 60240963855421686746987951807228915662650
167 5988023952095808383233532934131736526946107784431137724550898203592814371257485029940119760479041916167664670658682634730538922155688622754491017964071856287425149700
168 952380
169 591715976331360946745562130177514792899408284023668639053254437869822485207100
170 5882352941176470
171 584795321637426900
172 581395348837209302325
173 5780346820809248554913294797687861271676300
174 5747126436781609195402298850
175 571428
176 81
177 5649717514124293785310734463276836158192090395480225988700
178 56179775280898876404494382022471910112359550
179 5586592178770949720670391061452513966480446927374301675977653631284916201117318435754189944134078212290502793296089385474860335195530726256983240223463687150837988826815642458100
180 5
181 552486187845303867403314917127071823204419889502762430939226519337016574585635359116022099447513812154696132596685082872928176795580110497237569060773480662983425414364640883977900
182 549450
183 546448087431693989071038251366120218579234972677595628415300
184 4347826086956521739130
185 540
186 537634408602150
187 5347593582887700
188 5319148936170212765957446808510638297872340425
189 529100
190 526315789473684210
191 52356020942408376963350785340314136125654450261780104712041884816753926701570680628272251308900
192 3
193 518134715025906735751295336787564766839378238341968911917098445595854922279792746113989637305699481865284974093264248704663212435233160621761658031088082901554404145077720207253886010362694300
194 515463917525773195876288659793814432989690721649484536082474226804123711340206185567010309278350
195 512820
196 510204081632653061224489795918367346938775
197 50761421319796954314720812182741116751269035532994923857868020304568527918781725888324873096446700
198 50
199 502512562814070351758793969849246231155778894472361809045226130653266331658291457286432160804020100
200 0
201 497512437810945273631840796019900
202 4950
203 492610837438423645320197044334975369458128078817733990147783251231527093596059113300
204 4901960784313725
205 48780
206 4854368932038834951456310679611650
207 4830917874396135265700
208 769230
209 478468899521531100
210 476190
211 473933649289099526066350710900
212 4716981132075
213 46948356807511737089201877934272300
214 46728971962616822429906542056074766355140186915887850
215 465116279069767441860
216 629
217 460829493087557603686635944700
218 458715596330275229357798165137614678899082568807339449541284403669724770642201834862385321100917431192660550
219 45662100
220 45
221 452488687782805429864253393665158371040723981900
222 450
223 448430493273542600896860986547085201793721973094170403587443946188340807174887892376681614349775784753363228699551569506726457399103139013452914798206278026905829596412556053811659192825112107623318385650224215246636771300
224 428571
225 4
226 4424778761061946902654867256637168141592920353982300884955752212389380530973451327433628318584070796460176991150
227 44052863436123348017621145374449339207048458149779735682819383259911894273127753303964757709251101321585903083700
228 438596491228070175
229 436681222707423580786026200873362445414847161572052401746724890829694323144104803493449781659388646288209606986899563318777292576419213973799126637554585152838427947598253275109170305676855895196506550218340611353711790393013100
230 4347826086956521739130
231 432900
232 3103448275862068965517241379
233 4291845493562231759656652360515021459227467811158798283261802575107296137339055793991416309012875536480686695278969957081545064377682403433476394849785407725321888412017167381974248927038626609442060085836909871244635193133047210300
234 427350
235 4255319148936170212765957446808510638297872340
236 4237288135593220338983050847457627118644067796610169491525
237 4219409282700
238 420168067226890756302521008403361344537815126050
239 4184100
240 6
241 414937759336099585062240663900
242 4132231404958677685950
243 411522633744855967078189300
244 409836065573770491803278688524590163934426229508196721311475
245 408163265306122448979591836734693877551020
246 40650
247 404858299595141700
248 322580645161290
249 40160642570281124497991967871485943775100
250 0
251 39840637450199203187250996015936254980079681274900
252 396825
253 3952569169960474308300
254 393700787401574803149606299212598425196850
255 3921568627450980
256 0
257 3891050583657587548638132295719844357976653696498054474708171206225680933852140077821011673151750972762645914396887159533073929961089494163424124513618677042801556420233463035019455252918287937743190661478599221789883268482490272373540856031128404669260700
258 387596899224806201550
259 386100
260 384615
261 3831417624521072796934865900
262 3816793893129770992366412213740458015267175572519083969465648854961832061068702290076335877862595419847328244274809160305343511450
263 3802281368821292775665399239543726235741444866920152091254752851711026615969581749049429657794676806083650190114068441064638783269961977186311787072243346007604562737642585551330798479087452471482889733840304182509505703422053231939163498098859315589353612167300
264 78
265 3773584905660
266 375939849624060150
267 37453183520599250936329588014981273408239700
268 373134328358208955223880597014925
269 3717472118959107806691449814126394052044609665427509293680297397769516728624535315985130111524163568773234200743494423791821561338289962825278810408921933085501858736059479553903345724907063197026022304832713754646840148698884758364312267657992565055762081784386617100
270 370
271 36900
272 7647058823529411
273 366300
274 36496350
275 36
276 3623188405797101449275
277 361010830324909747292418772563176895306859205776173285198555956678700
278 3597122302158273381294964028776978417266187050
279 358422939068100
280 571428
281 3558718861209964412811387900
282 3546099290780141843971631205673758865248226950
283 353356890459363957597173144876325088339222614840989399293286219081272084805653710247349823321554770318021201413427561837455830388692579505300
284 35211267605633802816901408450704225
285 350877192982456140
286 349650
287 348432055749128919860627177700
288 2
289 34602076124567474048442906574394463667820069204152249134948096885813148788927335640138408304498269896193771626297577854671280276816608996539792387543252595155709342560553633217993079584775086505190311418685121107266435986159169550173010380622837370242214532871972318339100
290 3448275862068965517241379310
291 343642611683848797250859106529209621993127147766323024054982817869415807560137457044673539518900
292 34246575
293 34129692832764505119453924914675767918088737201365187713310580204778156996587030716723549488054607508532423208191126279863481228668941979522184300
294 340136054421768707482993197278911564625850
295 3389830508474576271186440677966101694915254237288135593220
296 378
297 336700
298 3355704697986577181208053691275167785234899328859060402684563758389261744966442953020134228187919463087248322147651006711409395973154362416107382550
299 334448160535117056856187290969899665551839464882943143812709030100
300 3
301 332225913621262458471760797342192691029900
302 331125827814569536423841059602649006622516556291390728476821192052980132450
303 3300
304 894736842105263157
305 327868852459016393442622950819672131147540983606557377049180
306 3267973856209150
307 325732899022801302931596091205211726384364820846905537459283387622149837133550488599348534201954397394136807817589576547231270358306188925081433224755700
308 324675
309 3236245954692556634304207119741100
310 322580645161290
311 32154340836012861736334405144694533762057877813504823151125401929260450160771704180064308681672025723472668810289389067524115755627009646302250803858520900
312 205128
313 319488817891373801916932907348242811501597444089456869009584664536741214057507987220447284345047923322683706070287539936102236421725239616613418530351437699680511182108626198083067092651757188498402555910543130990415335463258785942492012779552715654952076677316293929712460063897763578274760383386581469648562300
314 318471337579617834394904458598726114649681528662420382165605095541401273885350
315 317460
316 3164556962025
317 3154574132492113564668769716088328075709779179810725552050473186119873817034700
318 3144654088050
319 3134796238244514106583072100
320 0
321 31152647975077881619937694704049844236760124610591900
322 310559006211180124223602484472049689440993788819875776397515527950
323 309597523219814241486068111455108359133126934984520123839009287925696594427244582043343653250773993808049535603715170278637770897832817337461300
324 308641975
325 307692
326 306748466257668711656441717791411042944785276073619631901840490797546012269938650
327 305810397553516819571865443425076452599388379204892966360856269113149847094801223241590214067278287461773700
328 48780
329 303951367781155015197568389057750759878419452887537993920972644376899696048632218844984802431610942249240121580547112462006079027355623100
330 30
331 30211480362537764350453172205438066465256797583081570996978851963746223564954682779456193353474320241691842900
332 30120481927710843373493975903614457831325
333 300
334 2994011976047904191616766467065868263473053892215568862275449101796407185628742514970059880239520958083832335329341317365269461077844311377245508982035928143712574850
335 298507462686567164179104477611940
336 761904
337 296735905044510385756676557863501483679525222551928783382789317507418397626112759643916913946587537091988130563798219584569732937685459940652818991097922848664688427299703264094955489614243323442136498516320474777448071216617210682492581602373887240356083086053412462908011869436201780415430267062314540059347181008902077151335311572700
338 295857988165680473372781065088757396449704142011834319526627218934911242603550
339 2949852507374631268436578171091445427728613569321533923303834808259587020648967551622418879056047197640117994100
340 2941176470588235
341 293255131964809384164222873900
342 292397660818713450
343 291545189504373177842565597667638483965014577259475218658892128279883381924198250728862973760932944606413994169096209912536443148688046647230320699708454810495626822157434402332361516034985422740524781341107871720116618075801749271137026239067055393586005830903790087463556851311953352769679300
344 906976744186046511627
345 2898550724637681159420
346 2890173410404624277456647398843930635838150
347 28818443804034582132564841498559077809798270893371757925072046109510086455331412103746397694524495677233429394812680115273775216138328530259365994236311239193083573487031700
348 2873563218390804597701149425
349 28653295128939828080229226361031518624641833810888252148997134670487106017191977077363896848137535816618911174785100
350 285714
351 284900
352 90
353 28328611898016997167138810198300
354 2824858757062146892655367231638418079096045197740112994350
355 28169014084507042253521126760563380
356 28089887640449438202247191011235955056179775
357 280112044817927170868347338935574229691876750700
358 2793296089385474860335195530726256983240223463687150837988826815642458100558659217877094972067039106145251396648044692737430167597765363128491620111731843575418994413407821229050
359 27855153203342618384401114206128133704735376044568245125348189415041782729805013927576601671309192200557103064066852367688022284122562674094707520891364902506963788300835654596100
360 7
361 277008310249307479224376731301939058171745152354570637119113573407202216066481994459833795013850415512465373961218836565096952908587257617728531855955678670360110803324099722991689750692520775623268698060941828254847645429362880886426592797783933518005540166204986149584487534626038781163434903047091412742382271468144044321329639889196675900
362 276243093922651933701657458563535911602209944751381215469613259668508287292817679558011049723756906077348066298342541436464088397790055248618784530386740331491712707182320441988950
363 2754820936639118457300
364 274725
365 27397260
366 273224043715846994535519125683060109289617486338797814207650
367 272479564032697547683923705722070844686648501362397820163487738419618528610354223433242506811989100817438692098092643051771117166212534059945504087193460490463215258855585831062670299727520435967302452316076294277929155313351498637602179836512261580381471389645776566757493188010899182561307901907356948228882833787465940054495912806539509536784741144414168937329700
368 1739130434782608695652
369 27100
370 270
371 269541778975741239892183288409703504043126684636118598382749326145552560646900
372 268817204301075
373 268096514745308310991957104557640750670241286863270777479892761394101876675603217158176943699731903485254691689008042895442359249329758713136729222520107238605898123324396782841823056300
374 2673796791443850
375 6
376 6595744680851063829787234042553191489361702127
377 265251989389920424403183023872679045092838196286472148541114058355437665782493368700
378 264550
379 263852242744063324538258575197889182058047493403693931398416886543535620052770448548812664907651715039577836411609498680738786279683377308707124010554089709762532981530343007915567282321899736147757255936675461741424802110817941952506596306068601583113456464379947229551451187335092348284960422163588390501319261213720316622691292875989445910290237467018469656992084432717678100
380 263157894736842105
381 262467191601049868766404199475065616797900
382 26178010471204188481675392670157068062827225130890052356020942408376963350785340314136125654450
383 2610966057441253263707571801566579634464751958224543080939947780678851174934725848563968668407310704960835509138381201044386422976501305483028720626631853785900783289817232375979112271540469973890339425587467362924281984334203655352480417754569190600522193211488250652741514360313315926892950391644908616187989556135770234986945169712793733681462140992167101827676240208877284595300
384 6
385 259740
386 259067357512953367875647668393782383419689119170984455958549222797927461139896373056994818652849740932642487046632124352331606217616580310880829015544041450777202072538860103626943005181347150
387 258397932816537467700
388 257731958762886597938144329896907216494845360824742268041237113402061855670103092783505154639175
389 2570694087403598971722365038560411311053984575835475578406169665809768637532133676092544987146529562982005141388174807197943444730077120822622107969151670951156812339331619537275064267352185089974293059125964010282776349614395886889460154241645244215938303341902313624678663239074550128534704370179948586118251928020565552699228791773778920308483290488431876606683804627249357326478149100
390 256410
391 25575447570332480818414322250639386189258312020460358056265984654731457800511508951406649616368286445012787723785166240409207161125319693094629156010230179028132992327365728900
392 551020408163265306122448979591836734693877
393 2544529262086513994910941475826972010178117048346055979643765903307888040712468193384223918575063613231552162849872773536895674300
394 25380710659898477157360406091370558375634517766497461928934010152284263959390862944162436548223350
395 2531645569620
396 25
397 251889168765743073047858942065491183879093198992443324937027707808564231738035264483627204030226700
398 251256281407035175879396984924623115577889447236180904522613065326633165829145728643216080402010050
399 250626566416040100
400 0
401 24937655860349127182044887780548628428927680798004987531172069825436408977556109725685785536159600997506234413965087281795511221945137157107231920199501246882793017456359102244389027431421446384039900
402 248756218905472636815920398009950
403 248138957816377171215880893300
404 2475
405 246913580
406 246305418719211822660098522167487684729064039408866995073891625615763546798029556650
407 245700
408 4509803921568627
409 244498777506112469437652811735941320293398533007334963325183374083129584352078239608801955990220048899755501222493887530562347188264058679706601466992665036674816625916870415647921760391198044009779951100
410 24390
411 24330900
412 2427184466019417475728155339805825
413 242130750605326876513317191283292978208232445520581113801452784503631961259079903147699757869249394673123486682808716707021791767554479418886198547215496368038740920096852300
414 2415458937198067632850
415 24096385542168674698795180722891566265060
416 384615
417 2398081534772182254196642685851318944844124700
418 239234449760765550
419 2386634844868735083532219570405727923627684964200477326968973747016706443914081145584725536992840095465393794749403341288782816229116945107398568019093078758949880668257756563245823389021479713603818615751789976133651551312649164677804295942720763723150357995226730310262529832935560859188544152744630071599045346062052505966587112171837708830548926014319809069212410501193317422434367541766109785202863961813842482100
420 238095
421 23752969121140142517814726840855106888361045130641330166270783847980997624703087885985748218527315914489311163895486935866983372921615201900
422 236966824644549763033175355450
423 2364066193853427895981087470449172576832151300
424 3584905660377
425 2352941176470588
426 23474178403755868544600938967136150
427 234192037470725995316159250585480093676814988290398126463700
428 23364485981308411214953271028037383177570093457943925
429 233100
430 232558139534883720930
431 23201856148491879350348027842227378190255220417633410672853828306264501160092807424593967517401392111368909512761020881670533642691415313225058004640371229698375870069605568445475638051044083526682134570765661252900
432 148
433 230946882217090069284064665127020785219399538106235565819861431870669745958429561200923787528868360277136258660508083140877598152424942263279445727482678983833718244803695150115473441108545034642032332563510392609699769053117782909930715935334872979214780600461893764434180138568129330254041570438799076212471131639722863741339491916859122401847575057736720554272517321016166281755196304849884526558891454965357967667436489607390300
434 230414746543778801843317972350
435 2298850574712643678160919540
436 229357798165137614678899082568807339449541284403669724770642201834862385321100917431192660550458715596330275
437 228832951945080091533180778032036613272311212814645308924485125858123569794050343249427917620137299771167048054919908466819221967963386727688787185354691075514874141876430205949656750572082379862700
438 22831050
439 227790432801822323462414578587699316628701594533029612756264236902050113895216400911161731207289293849658314350797266514806378132118451025056947608200455580865603644646924829157175398633257403189066059225512528473804100
440 27
441 226757369614512471655328798185941043083900
442 226244343891402714932126696832579185520361990950
443 22573363431151241534988713318284424379232505643340857787810383747178329571106094808126410835214446952595936794582392776523702031602708803611738148984198645598194130925507900677200902934537246049661399548532731376975169300
444 225
445 22471910112359550561797752808988764044943820
446 224215246636771300448430493273542600896860986547085201793721973094170403587443946188340807174887892376681614349775784753363228699551569506726457399103139013452914798206278026905829596412556053811659192825112107623318385650
447 2237136465324384787472035794183445190156599552572706935123042505592841163310961968680089485458612975391498881431767337807606263982102908277404921700
448 142857
449 22271714922048997772828507795100
450 2
451 2217294900
452 2212389380530973451327433628318584070796460176991150442477876106194690265486725663716814159292035398230088495575
453 220750551876379690949227373068432671081677704194260485651214128035320088300
454 22026431718061674008810572687224669603524229074889867841409691629955947136563876651982378854625550660792951541850
455 219780
456 192982456140350877
457 21881838074398249452954048140043763676148796498905908096280087527352297592997811816192560175054704595185995623632385120350109409190371991247264770240700
458 218340611353711790393013100436681222707423580786026200873362445414847161572052401746724890829694323144104803493449781659388646288209606986899563318777292576419213973799126637554585152838427947598253275109170305676855895196506550
459 217864923747276688453159041394335511982570806100
460 2173913043478260869565
461 2169197396963123644251626898047722342733188720173535791757049891540130151843817787418655097613882863340563991323210412147505422993492407809110629067245119305856832971800433839479392624728850325379609544468546637744034707158351409978308026030368763557483731019522776572668112798264642082429501084598698481561822125813449023861171366594360086767895878524945770065075921908893709327548806941431670281995661605206073752711496746203904555314533622559652928416485900
462 216450
463 2159827213822894168466522678185745140388768898488120950323974082073434125269978401727861771058315334773218142548596112311015118790496760259179265658747300
464 5517241379310344827586206896
465 215053763440860
466 2145922746781115879828326180257510729613733905579399141630901287553648068669527896995708154506437768240343347639484978540772532188841201716738197424892703862660944206008583690987124463519313304721030042918454935622317596566523605150
467 21413276231263383297644539614561027837259100642398286937901498929336188436830835117773019271948608137044967880085653104925053533190578158458244111349036402569593147751605995717344753747323340471092077087794432548179871520342612419700
468 213675
469 213219616204690831556503198294243070362473347547974413646055437100
470 2127659574468085106382978723404255319148936170
471 212314225053078556263269639065817409766454352441613588110403397027600849256900
472 1186440677966101694915254237288135593220338983050847457627
473 211416490486257928118393234672304439746300
474 2109704641350
475 210526315789473684
476 210084033613445378151260504201680672268907563025
477 2096436058700
478 2092050
479 20876826722338204592901878914405010438413361169102296450939457202505219206680584551148225469728601252609603340292275574112734864300626304801670146137787056367432150313152400835073068893528183716075156576200417536534446764091858037578288100
480 3
481 207900
482 207468879668049792531120331950
483 207039337474120082815734989648033126293995859213250517598343685300
484 2066115702479338842975
485 206185567010309278350515463917525773195876288659793814432989690721649484536082474226804123711340
486 205761316872427983539094650
487 205338809034907597535934291581108829568788501026694045174537987679671457905544147843942505133470225872689938398357289527720739219712525667351129363449691991786447638603696098562628336755646817248459958932238193018480492813141683778234086242299794661190965092402464065708418891170431211498973305954825462012320328542094455852156057494866529774127310061601642710472279260780287474332648870636550308008213552361396303901437371663244353182751540041067761806981519507186858316221765913757700
488 491803278688524590163934426229508196721311475409836065573770
489 204498977505112474437627811860940695296523517382413087934560327198364008179959100
490 204081632653061224489795918367346938775510
491 2036659877800407331975560081466395112016293279022403258655804480651731160896130346232179226069246435845213849287169042769857433808553971486761710794297352342158859470468431771894093686354378818737270875763747454175152749490835030549898167006109979633401221995926680244399185336048879837067209775967413441955193482688391038696537678207739307535641547861507128309572301425661914460285132382892057026476578411405295315682281059063136456211812627291242362525458248472505091649694501018329938900
492 20325
493 2028397565922920892494929006085192697768762677484787018255578093306288032454361054766734279918864097363083164300
494 202429149797570850
495 20
496 161290322580645
497 201207243460764587525150905432595573440643863179074446680080482897384305835010060362173038229376257545271629778672032193158953722334004024144869215291750503018108651911468812877263581488933601609657947686116700
498 20080321285140562248995983935742971887550
499 200400801603206412825651302605210420841683366733466933867735470941883767535070140280561122244488977955911823647294589178356713426853707414829659318637274549098196392785571142284569138276553106212424849699398797595190380761523046092184368737474949899799599198396793587174348697394789579158316633266533066132264529058116232464929859719438877755511022044088176352705410821643286573146292585170340681362725450901803607214428857715430861723446893787575150300601202404809619238476953907815631262525050100
500 0